4281
4281
4352
4352
4383
4383
4385
4385
4387
4387
4389
4389
4391
4391
4393
4393
4395
4395
4397
4397
4399
4399
4401
4401
4403
4403
4405
4405
4407
4407
4409
4409
4411
4411
4413
4413
4523 1
4523 1
4525 1
4525 1
4527 1
4527 1
4529 1
4529 1
4531 1
4531 1
4533 1
4533 1
4535 1
4535 1
4537 1
4537 1
4539 1
4539 1
4541 1
4541 1
4543 1
4543 1
4545 1
4545 1
4547 1
4547 1
4549 1
4549 1
4551 1
4551 1
4553 1
4553 1
4555 1
4555 1
4557 1
4557 1
4559 1
4559 1
4561 1
4561 1
4563 1
4563 1
4565 1
4565 1
4567 1
4567 1
4569 1
4569 1
4571 1
4571 1
4573 1
4573 1
4575 1
4575 1
4577 1
4577 1
4579 1
4579 1
4581 1
4581 1
4583 1
4583 1
4614 1
4616 1
4618 1
4620 1
4622 1
4624 1
4626 1
4628 1
4630 1
4632 1
4634 1
4636 1
4638 1
4640 1
4642 1
4644 1
4646 1
4648 1
4650 1
4652 1
4654 1
4656 1
4658 1
4660 1
4671 1
4673 1
4675 1
4677 1
4679 1
4681 1
4683 1
4685 1
4687 1
4689 1
4691 1
4693 1
4695 1
